-2.028689036459265E-014	 0.000000000000000E+000
 4.722942770261844E+001	-5.143456219969148E+001
-3.854591396499186E+001	 6.992427971960819E+000
 2.848706959741115E+001	 1.349321929959908E+001
-1.391019999000720E+001	-2.820183314012586E+001
-1.134245870938420E+001	 3.692687744948015E+001
 5.621681475844780E+001	-1.993789620586346E+001
-5.882365984600298E+001	-9.575562206182751E+001
-1.732175144607496E+002	-4.198110224846540E+001
-1.268244156892333E+001	-3.807090696488017E+001
 1.707103731117575E+001	-9.615272410152798E+000
-1.521920439932603E+001	 7.099933939514688E+000
 1.658139669999577E+001	 5.762545462512414E+000
-4.916174608583365E+000	-2.280031959379787E+001
-3.016377951775829E+001	 1.485917191239006E+001
 1.087508485970672E+001	 4.132917881468155E+001
 2.508447634110327E+001	 1.907010411153609E+001
-4.706270935889465E+000	 1.271531465964096E+001
-2.014104724621081E+000	 4.807520353397651E+000
 2.715040798269740E+000	-6.579528738768336E+000
-7.100824325908396E+000	 1.079572738643247E+000
 3.410339859964841E+000	 8.294861171398553E+000
 9.495145454499626E+000	-3.733857807400485E+000
 2.769816478765994E-001	-8.427282236630495E+000
-4.652383678554807E-001	-3.207437233517438E+000
 2.570947283031729E+000	-2.943072241702816E+000
-5.800016291495977E-001	-5.911065966097896E-001
 3.141165622363316E-002	 2.284294625453653E+000
 2.049458966112311E+000	-8.079329006090724E-001
-9.586645219679432E-001	-2.177815589536970E+000
-1.955316869843656E+000	 4.739895246042773E-001
-4.092283719393453E-001	 8.684369108971148E-001
-6.823241349223874E-001	 1.890326988267190E-001
-5.580261584774300E-001	 5.723277620492724E-001
 3.504167448687790E-001	-8.391680523792042E-002
-1.416022320304192E-001	-5.800343435227694E-001
-4.742694153815279E-001	 2.443661083447425E-001
 1.702243314277082E-001	 4.317907726080827E-001
 2.553225118451021E-001	-9.775885101058217E-003
 8.141723974211587E-002	 3.967983882133048E-002
 2.094281881631251E-001	 3.865440867342027E-002
 6.324161730351807E-002	-1.083969370774982E-001
-1.086676842990019E-001	 5.814893222231009E-002
 4.752208962661775E-002	 1.206116303093396E-001
 8.871575878388431E-002	-5.053136743850713E-002
-1.835887708162054E-002	-6.107687574139555E-002
-8.458163120452718E-003	-9.726745367227854E-003
-7.946116451132914E-003	-3.964179661239824E-002
-4.227707604417624E-002	-1.125843844144976E-002
 1.872200577200828E-003	 2.153258182161719E-002
 2.521325951578315E-002	-1.652469987787696E-002
-1.044543630919936E-002	-2.073911189302393E-002
-1.259314850369038E-002	 7.552440598085868E-003
 1.299425632804368E-004	 4.060549298128417E-003
-6.113875636098180E-003	 2.576703949001562E-003
 2.376604635009941E-004	 1.048827717032392E-002
 7.091080362733265E-003	 7.846468444562122E-004
-2.807726652647687E-003	-4.304745052859485E-003
-4.667736283911692E-003	 3.358438949553207E-003
 1.696292220687181E-003	 2.773327909787545E-003
 9.815126367677834E-004	-6.969429858006143E-004
 4.822743146836167E-004	 8.350756551508455E-004
 2.133562334639126E-003	-4.530114084505176E-004
-5.198493114610568E-005	-1.973480223666233E-003
-1.079912199831614E-003	 3.055946989906570E-004
 7.874928413746309E-004	 7.885333267988112E-004
 6.722152739967258E-004	-5.264328811901911E-004
-1.860457710870701E-004	-2.095217538715655E-004
 1.204430732746635E-004	-2.014042469637642E-005
-1.455401418488368E-004	-3.962340581056452E-004
-4.586540340160440E-004	 8.162583519835730E-005
 5.744772327501735E-005	 3.019398307695919E-004
 1.534806185682476E-004	-1.325392360741484E-004
-1.473558242850046E-004	-1.196350801609721E-004
-6.150763598998017E-005	 5.925300873474022E-005
 2.927434549833598E-006	-2.423641954681961E-005
-7.173546925506446E-005	 2.725129821612770E-005
 3.195030951194987E-005	 9.601970936163737E-005
 7.605428072641863E-005	-1.889558443734361E-005
-2.264160742839749E-005	-3.869191680716263E-005
-1.925244343019338E-005	 3.068765122067102E-005
 1.986208385853267E-005	 1.230806011396462E-005
-2.303908133982361E-006	-2.258921118792124E-006
 5.156688588820299E-006	 1.457657704988225E-005
 1.875205914354114E-005	-7.977710287239009E-006
-6.437163684857556E-006	-1.736220045292781E-005
-1.007049749901423E-005	 4.788459560331462E-006
 5.684286726816288E-006	 3.910339070147146E-006
 1.621313705915747E-006	-4.974260036709325E-006
-1.500422945746070E-006	 1.155455639383394E-007
 2.689732982796890E-006	-1.104934071030578E-006
-1.769519135372707E-006	-3.842439081394248E-006
-3.604933371541646E-006	 1.756510044617533E-006
 1.267789088391350E-006	 2.475386537875684E-006
 9.823417313169896E-007	-1.080860821579148E-006
-1.032030812751007E-006	-1.855700241475502E-007
 1.014901441861539E-007	 5.218930459704604E-007
-1.432444484446462E-007	-4.579450513689802E-007
-7.690304998709095E-007	 4.184585865417546E-007
 4.155311623648105E-007	 7.513147777513791E-007
 5.468119161244859E-007	-3.370314032474599E-007
-2.378332274558078E-007	-2.606975194157881E-007
-3.285898615566774E-008	 1.980091523528869E-007
 1.294961807003064E-007	-4.999662906708758E-008
-9.104725233034769E-008	-1.396236461140501E-009
 8.901903770450929E-008	 1.432643447848942E-007
 1.562569502919412E-007	-9.999620600902065E-008
-8.127713770823777E-008	-1.170144054167374E-007
-6.232658598413602E-008	 5.828999437428990E-008
 3.955148704973152E-008	 1.153911355988221E-008
-1.517138190237345E-008	-2.675151040775285E-008
-5.694052126532403E-009	 2.165788214263643E-008
 2.702145783996842E-008	-1.593602648640663E-008
-2.336148948147671E-008	-3.070775342314775E-008
-2.509534305017507E-008	 1.947964632824856E-008
 1.387802833748201E-008	 1.392130521086432E-008
 3.579557355608455E-009	-8.875161941959809E-009
-5.159652467554975E-009	 3.290930585449108E-009
 5.394981212684560E-009	 1.676230911039911E-009
-2.524607060255704E-009	-5.543443444864310E-009
-5.832845412011124E-009	 4.987380154532644E-009
 4.676957790381972E-009	 5.157903175229067E-009
 3.103434902136178E-009	-3.272476401532692E-009
-2.046114545750266E-009	-9.146817834376432E-010
 5.943811232978140E-010	 1.074006285274855E-009
 3.285068278138644E-010	-1.246749342836645E-009
-1.238004422937596E-009	 3.971802957448238E-010
 9.837660939063898E-010	 1.129896177288861E-009
 1.005599450045590E-009	-1.071200409836485E-009
-7.857268876337381E-010	-6.707420529543709E-010
-2.271181222443961E-010	 4.709453857459911E-010
 2.377908144083301E-010	-1.046332375626488E-010
-2.644271329911261E-010	-6.175377615329067E-011
 7.486511408139318E-011	 2.805483163722690E-010
 2.330266720643857E-010	-1.870460805314820E-010
-2.306207124815986E-010	-1.913402409089983E-010
-1.361491039583301E-010	 1.861096558344334E-010
 1.114524094467485E-010	 5.475981953344366E-011
-1.717061157063719E-011	-5.316888551379213E-011
-1.288336148917753E-011	 5.443191869644106E-011
 6.124665257725379E-011	-1.618087803317079E-011
-3.667824866406641E-011	-5.054473029932989E-011
-3.727366948245536E-011	 4.727220724583239E-011
 4.226831818914769E-011	 2.603622371716362E-011
 1.208905646500178E-011	-2.678334553596825E-011
-1.230250294339369E-011	 2.309226058058467E-012
 1.101508237001448E-011	 2.754640036427878E-012
-3.520542937044639E-012	-1.302692362822019E-011
-1.098424551813413E-011	 7.565484063321962E-012
 9.576193532638856E-012	 7.655079126875754E-012
 4.873127485315828E-012	-9.139708397319091E-012
-6.330796643532754E-012	-2.380365827889793E-012
 2.467985701687780E-013	 2.981781167098178E-012
 6.252811497572658E-013	-2.149101233054108E-012
-2.735996530306862E-012	 7.693893542701843E-013
 1.595653994392612E-012	 2.357882468211412E-012
 1.618940136191581E-012	-1.972248991941815E-012
-1.913961692493866E-012	-9.347260976065498E-013
-4.201462523669583E-013	 1.433339264875042E-012
 7.265858924002069E-013	-3.660795261678669E-014
-4.031054372991069E-013	-1.588545993253649E-013
 1.738096726197694E-013	 5.580770070836895E-013
 5.031042477012164E-013	-3.393325202018451E-013
-4.137386693194423E-013	-3.437788386491327E-013
-1.915697181110989E-013	 4.022525887536193E-013
 3.118162579390512E-013	 7.256892382675709E-014
-1.045192298113152E-014	-1.754444128364479E-013
-4.951132725202783E-014	 7.633070425905466E-014
 1.140170866515323E-013	-3.724372493647622E-014
-7.689133805152105E-014	-1.051216985769491E-013
-7.681044161143197E-014	 8.567345136276648E-014
 0.000000000000000E+000	 0.000000000000000E+000
 0.000000000000000E+000	 0.000000000000000E+000
 0.000000000000000E+000	 0.000000000000000E+000
 0.000000000000000E+000	 0.000000000000000E+000
 0.000000000000000E+000	 0.000000000000000E+000
 0.000000000000000E+000	 0.000000000000000E+000
 0.000000000000000E+000	 0.000000000000000E+000
 0.000000000000000E+000	 0.000000000000000E+000
 0.000000000000000E+000	 0.000000000000000E+000
 0.000000000000000E+000	 0.000000000000000E+000
 0.000000000000000E+000	 0.000000000000000E+000
 0.000000000000000E+000	 0.000000000000000E+000
 0.000000000000000E+000	 0.000000000000000E+000
 0.000000000000000E+000	 0.000000000000000E+000
 0.000000000000000E+000	 0.000000000000000E+000
 0.000000000000000E+000	 0.000000000000000E+000
 0.000000000000000E+000	 0.000000000000000E+000
 0.000000000000000E+000	 0.000000000000000E+000
 0.000000000000000E+000	 0.000000000000000E+000
 0.000000000000000E+000	 0.000000000000000E+000
 0.000000000000000E+000	 0.000000000000000E+000
 0.000000000000000E+000	 0.000000000000000E+000
 0.000000000000000E+000	 0.000000000000000E+000
 0.000000000000000E+000	 0.000000000000000E+000
 0.000000000000000E+000	 0.000000000000000E+000
 0.000000000000000E+000	 0.000000000000000E+000
 0.000000000000000E+000	 0.000000000000000E+000
 0.000000000000000E+000	 0.000000000000000E+000
 0.000000000000000E+000	 0.000000000000000E+000
 0.000000000000000E+000	 0.000000000000000E+000
 0.000000000000000E+000	 0.000000000000000E+000
 0.000000000000000E+000	 0.000000000000000E+000
 0.000000000000000E+000	 0.000000000000000E+000
 0.000000000000000E+000	 0.000000000000000E+000
 0.000000000000000E+000	 0.000000000000000E+000
 0.000000000000000E+000	 0.000000000000000E+000
 0.000000000000000E+000	 0.000000000000000E+000
 0.000000000000000E+000	 0.000000000000000E+000
 0.000000000000000E+000	 0.000000000000000E+000
 0.000000000000000E+000	 0.000000000000000E+000
 0.000000000000000E+000	 0.000000000000000E+000
 0.000000000000000E+000	 0.000000000000000E+000
 0.000000000000000E+000	 0.000000000000000E+000
 0.000000000000000E+000	 0.000000000000000E+000
 0.000000000000000E+000	 0.000000000000000E+000
 0.000000000000000E+000	 0.000000000000000E+000
 0.000000000000000E+000	 0.000000000000000E+000
 0.000000000000000E+000	 0.000000000000000E+000
 0.000000000000000E+000	 0.000000000000000E+000
 0.000000000000000E+000	 0.000000000000000E+000
 0.000000000000000E+000	 0.000000000000000E+000
 0.000000000000000E+000	 0.000000000000000E+000
 0.000000000000000E+000	 0.000000000000000E+000
 0.000000000000000E+000	 0.000000000000000E+000
 0.000000000000000E+000	 0.000000000000000E+000
 0.000000000000000E+000	 0.000000000000000E+000
 0.000000000000000E+000	 0.000000000000000E+000
 0.000000000000000E+000	 0.000000000000000E+000
 0.000000000000000E+000	 0.000000000000000E+000
 0.000000000000000E+000	 0.000000000000000E+000
 0.000000000000000E+000	 0.000000000000000E+000
 0.000000000000000E+000	 0.000000000000000E+000
 0.000000000000000E+000	 0.000000000000000E+000
 0.000000000000000E+000	 0.000000000000000E+000
 0.000000000000000E+000	 0.000000000000000E+000
 0.000000000000000E+000	 0.000000000000000E+000
 0.000000000000000E+000	 0.000000000000000E+000
 0.000000000000000E+000	 0.000000000000000E+000
 0.000000000000000E+000	 0.000000000000000E+000
 0.000000000000000E+000	 0.000000000000000E+000
 0.000000000000000E+000	 0.000000000000000E+000
 0.000000000000000E+000	 0.000000000000000E+000
 0.000000000000000E+000	 0.000000000000000E+000
 0.000000000000000E+000	 0.000000000000000E+000
 0.000000000000000E+000	 0.000000000000000E+000
 0.000000000000000E+000	 0.000000000000000E+000
 0.000000000000000E+000	 0.000000000000000E+000
 0.000000000000000E+000	 0.000000000000000E+000
 0.000000000000000E+000	 0.000000000000000E+000
 0.000000000000000E+000	 0.000000000000000E+000
 0.000000000000000E+000	 0.000000000000000E+000
 0.000000000000000E+000	 0.000000000000000E+000
 0.000000000000000E+000	 0.000000000000000E+000
 0.000000000000000E+000	 0.000000000000000E+000
 0.000000000000000E+000	 0.000000000000000E+000
 0.000000000000000E+000	 0.000000000000000E+000
 0.000000000000000E+000	 0.000000000000000E+000
 0.000000000000000E+000	 0.000000000000000E+000
 0.000000000000000E+000	 0.000000000000000E+000
 0.000000000000000E+000	 0.000000000000000E+000
 0.000000000000000E+000	 0.000000000000000E+000
 0.000000000000000E+000	 0.000000000000000E+000
 0.000000000000000E+000	 0.000000000000000E+000
 0.000000000000000E+000	 0.000000000000000E+000
 0.000000000000000E+000	 0.000000000000000E+000
 0.000000000000000E+000	 0.000000000000000E+000
 0.000000000000000E+000	 0.000000000000000E+000
 0.000000000000000E+000	 0.000000000000000E+000
 0.000000000000000E+000	 0.000000000000000E+000
 0.000000000000000E+000	 0.000000000000000E+000
 0.000000000000000E+000	 0.000000000000000E+000
 0.000000000000000E+000	 0.000000000000000E+000
 0.000000000000000E+000	 0.000000000000000E+000
 0.000000000000000E+000	 0.000000000000000E+000
 0.000000000000000E+000	 0.000000000000000E+000
 0.000000000000000E+000	 0.000000000000000E+000
 0.000000000000000E+000	 0.000000000000000E+000
 0.000000000000000E+000	 0.000000000000000E+000
 0.000000000000000E+000	 0.000000000000000E+000
 0.000000000000000E+000	 0.000000000000000E+000
 0.000000000000000E+000	 0.000000000000000E+000
 0.000000000000000E+000	 0.000000000000000E+000
 0.000000000000000E+000	 0.000000000000000E+000
 0.000000000000000E+000	 0.000000000000000E+000
 0.000000000000000E+000	 0.000000000000000E+000
 0.000000000000000E+000	 0.000000000000000E+000
 0.000000000000000E+000	 0.000000000000000E+000
 0.000000000000000E+000	 0.000000000000000E+000
 0.000000000000000E+000	 0.000000000000000E+000
 0.000000000000000E+000	 0.000000000000000E+000
 0.000000000000000E+000	 0.000000000000000E+000
 0.000000000000000E+000	 0.000000000000000E+000
 0.000000000000000E+000	 0.000000000000000E+000
 0.000000000000000E+000	 0.000000000000000E+000
 0.000000000000000E+000	 0.000000000000000E+000
 0.000000000000000E+000	 0.000000000000000E+000
 0.000000000000000E+000	 0.000000000000000E+000
 0.000000000000000E+000	 0.000000000000000E+000
 0.000000000000000E+000	 0.000000000000000E+000
 0.000000000000000E+000	 0.000000000000000E+000
 0.000000000000000E+000	 0.000000000000000E+000
 0.000000000000000E+000	 0.000000000000000E+000
 0.000000000000000E+000	 0.000000000000000E+000
 0.000000000000000E+000	 0.000000000000000E+000
 0.000000000000000E+000	 0.000000000000000E+000
 0.000000000000000E+000	 0.000000000000000E+000
 0.000000000000000E+000	 0.000000000000000E+000
 0.000000000000000E+000	 0.000000000000000E+000
 0.000000000000000E+000	 0.000000000000000E+000
 0.000000000000000E+000	 0.000000000000000E+000
 0.000000000000000E+000	 0.000000000000000E+000
 0.000000000000000E+000	 0.000000000000000E+000
 0.000000000000000E+000	 0.000000000000000E+000
 0.000000000000000E+000	 0.000000000000000E+000
 0.000000000000000E+000	 0.000000000000000E+000
 0.000000000000000E+000	 0.000000000000000E+000
 0.000000000000000E+000	 0.000000000000000E+000
 0.000000000000000E+000	 0.000000000000000E+000
 0.000000000000000E+000	 0.000000000000000E+000
 0.000000000000000E+000	 0.000000000000000E+000
 0.000000000000000E+000	 0.000000000000000E+000
 0.000000000000000E+000	 0.000000000000000E+000
 0.000000000000000E+000	 0.000000000000000E+000
 0.000000000000000E+000	 0.000000000000000E+000
 0.000000000000000E+000	 0.000000000000000E+000
 0.000000000000000E+000	 0.000000000000000E+000
 0.000000000000000E+000	 0.000000000000000E+000
 0.000000000000000E+000	 0.000000000000000E+000
 0.000000000000000E+000	 0.000000000000000E+000
 0.000000000000000E+000	 0.000000000000000E+000
 0.000000000000000E+000	 0.000000000000000E+000
 0.000000000000000E+000	 0.000000000000000E+000
 0.000000000000000E+000	 0.000000000000000E+000
 0.000000000000000E+000	 0.000000000000000E+000
 0.000000000000000E+000	 0.000000000000000E+000
 0.000000000000000E+000	 0.000000000000000E+000
 0.000000000000000E+000	 0.000000000000000E+000
 0.000000000000000E+000	 0.000000000000000E+000
 0.000000000000000E+000	 0.000000000000000E+000
 0.000000000000000E+000	 0.000000000000000E+000
 0.000000000000000E+000	 0.000000000000000E+000
-7.662205219065109E-014	-8.364958449498986E-014
-7.884387197392447E-014	 1.068904685406996E-013
 1.134412302631919E-013	 3.605185862375974E-014
-4.794924845455327E-014	-7.515361422445572E-014
-1.014240390214250E-014	 1.748899443053848E-013
 3.117317237255567E-013	-7.370276514599900E-014
-1.928789812857247E-013	-4.036723767970719E-013
-4.139232619305833E-013	 3.427289955425264E-013
 4.980134918760492E-013	 3.380657703797105E-013
 1.737153815761880E-013	-5.584681847569097E-013
-4.001150053492713E-013	 1.606563243196439E-013
 7.259562067417405E-013	 3.813500020667981E-014
-4.213730832049206E-013	-1.437309448924158E-012
-1.911992585858120E-012	 9.339970089969553E-013
 1.620193414205102E-012	 1.970102537669255E-012
 1.595157903570063E-012	-2.357830266057777E-012
-2.737145480836591E-012	-7.697577454657431E-013
 6.296949097607629E-013	 2.149292542599896E-012
 2.459012123182278E-013	-2.980705366908564E-012
-6.331833198098455E-012	 2.377558311798606E-012
 4.868389210682702E-012	 9.134354320582212E-012
 9.576592987192488E-012	-7.655777771642780E-012
-1.098701007248833E-011	-7.561540956871806E-012
-3.517200117574710E-012	 1.302692996387234E-011
 1.101173836826114E-011	-2.756282971746117E-012
-1.230563035657790E-011	-2.309191575833562E-012
 1.208614935929080E-011	 2.677952932162560E-011
 4.226965643143190E-011	-2.604083734258481E-011
-3.727353625653592E-011	-4.727193551632735E-011
-3.667658514606500E-011	 5.054618688721224E-011
 6.123947723277946E-011	 1.617886047708359E-011
-1.288507825798017E-011	-5.442660259049914E-011
-1.716964016016220E-011	 5.316686809970812E-011
 1.114496002071692E-010	-5.475238612473785E-011
-1.361467882576644E-010	-1.861066338948920E-010
-2.306232125562249E-010	 1.913396280209677E-010
 2.330243730837548E-010	 1.870445314583151E-010
 7.486178109458159E-011	-2.805464042024303E-010
-2.644289818272871E-010	 6.175068801871233E-011
 2.377942032472950E-010	 1.046363115036657E-010
-2.271213318085945E-010	-4.709454190486753E-010
-7.857203599226875E-010	 6.707582128043031E-010
 1.005597728100408E-009	 1.071198788500285E-009
 9.837587010046029E-010	-1.129902770835261E-009
-1.238012566531386E-009	-3.971765720231300E-010
 3.285037865140948E-010	 1.246749575576076E-009
 5.943707101811283E-010	-1.074013341249566E-009
-2.046106334885087E-009	 9.146614220980992E-010
 3.103437552270999E-009	 3.272478169750297E-009
 4.676942502267553E-009	-5.157915236197892E-009
-5.832843099544863E-009	-4.987397673321809E-009
-2.524614716961457E-009	 5.543452122662458E-009
 5.394968616306405E-009	-1.676229362128582E-009
-5.159642225603288E-009	-3.290926809191085E-009
 3.579557411216283E-009	 8.875166187615033E-009
 1.387803365221585E-008	-1.392130039948024E-008
-2.509533916666722E-008	-1.947964326385408E-008
-2.336148148118101E-008	 3.070776696139761E-008
 2.702146009753720E-008	 1.593602213289111E-008
-5.694065464332329E-009	-2.165788408441605E-008
-1.517137775528104E-008	 2.675150009634870E-008
 3.955148564376896E-008	-1.153910949428507E-008
-6.232658365168013E-008	-5.829000030287292E-008
-8.127714337038851E-008	 1.170144155883593E-007
 1.562569501612216E-007	 9.999622101727420E-008
 8.901902981020357E-008	-1.432643426069883E-007
-9.104724801590363E-008	 1.396234698169664E-009
 1.294961813109184E-007	 4.999663212759026E-008
-3.285898682590260E-008	-1.980091553464840E-007
-2.378332239880602E-007	 2.606975164067216E-007
 5.468119138107758E-007	 3.370314125518471E-007
 4.155311522178269E-007	-7.513147804964494E-007
-7.690304958127399E-007	-4.184585948054285E-007
-1.432444527684828E-007	 4.579450514925086E-007
 1.014901472188124E-007	-5.218930417790793E-007
-1.032030809713929E-006	 1.855700246439707E-007
 9.823417311600375E-007	 1.080860810373566E-006
 1.267789084522879E-006	-2.475386545974681E-006
-3.604933375031960E-006	-1.756510053563597E-006
-1.769519131167814E-006	 3.842439084557787E-006
 2.689732985089890E-006	 1.104934074942119E-006
-1.500422946827980E-006	-1.155455687789282E-007
 1.621313701687453E-006	 4.974260034236573E-006
 5.684286728830335E-006	-3.910339071933555E-006
-1.007049750796669E-005	-4.788459561608354E-006
-6.437163683941926E-006	 1.736220045998306E-005
 1.875205915327880E-005	 7.977710288623470E-006
 5.156688594903524E-006	-1.457657705818247E-005
-2.303908132732950E-006	 2.258921125229889E-006
 1.986208385669952E-005	-1.230806011782590E-005
-1.925244344202477E-005	-3.068765122300739E-005
-2.264160743643506E-005	 3.869191682084974E-005
 7.605428074327371E-005	 1.889558443575963E-005
 3.195030950526048E-005	-9.601970938601399E-005
-7.173546927762977E-005	-2.725129822352659E-005
 2.927434558295899E-006	 2.423641955773877E-005
-6.150763600274402E-005	-5.925300875564082E-005
-1.473558243284143E-004	 1.196350801980947E-004
 1.534806186132680E-004	 1.325392361097198E-004
 5.744772329732121E-005	-3.019398308462705E-004
-4.586540341277866E-004	-8.162583520464778E-005
-1.455401418643213E-004	 3.962340582034702E-004
 1.204430733118514E-004	 2.014042468527818E-005
-1.860457711380771E-004	 2.095217539193400E-004
 6.722152741423917E-004	 5.264328813110902E-004
 7.874928415423040E-004	-7.885333269972305E-004
-1.079912200095033E-003	-3.055946990493189E-004
-5.198493113618375E-005	 1.973480224085530E-003
 2.133562335095156E-003	 4.530114084779664E-004
 4.822743146923438E-004	-8.350756553728309E-004
 9.815126369358820E-004	 6.969429859569765E-004
 1.696292221045460E-003	-2.773327910349957E-003
-4.667736284850590E-003	-3.358438950116141E-003
-2.807726653099717E-003	 4.304745053882207E-003
 7.091080364139590E-003	-7.846468445841028E-004
 2.376604633162930E-004	-1.048827717219510E-002
-6.113875637300035E-003	-2.576703949087939E-003
 1.299425635266345E-004	-4.060549298632895E-003
-1.259314850591236E-002	-7.552440599273306E-003
-1.044543631093472E-002	 2.073911189672308E-002
 2.521325952036967E-002	 1.652469987996523E-002
 1.872200577386246E-003	-2.153258182608950E-002
-4.227707605065820E-002	 1.125843844343046E-002
-7.946116450775080E-003	 3.964179661842544E-002
-8.458163120945515E-003	 9.726745367516948E-003
-1.835887708433907E-002	 6.107687574999699E-002
 8.871575879797741E-002	 5.053136744471574E-002
 4.752208963276672E-002	-1.206116303274360E-001
-1.086676843169413E-001	-5.814893222687367E-002
 6.324161731102551E-002	 1.083969370948049E-001
 2.094281881874037E-001	-3.865440868196520E-002
 8.141723974539697E-002	-3.967983882795677E-002
 2.553225118738189E-001	 9.775885103009700E-003
 1.702243314448000E-001	-4.317907726621523E-001
-4.742694154455788E-001	-2.443661083675953E-001
-1.416022320427132E-001	 5.800343435922372E-001
 3.504167449233693E-001	 8.391680523348846E-002
-5.580261585291497E-001	-5.723277621082556E-001
-6.823241349803211E-001	-1.890326988190471E-001
-4.092283719649054E-001	-8.684369109692461E-001
-1.955316870033165E+000	-4.739895246348334E-001
-9.586645220387975E-001	 2.177815589763752E+000
 2.049458966331673E+000	 8.079329006589689E-001
 3.141165620901668E-002	-2.284294625656751E+000
-5.800016292644709E-001	 5.911065966985483E-001
 2.570947283213194E+000	 2.943072241864249E+000
-4.652383678905016E-001	 3.207437233638537E+000
 2.769816479296443E-001	 8.427282237201197E+000
 9.495145455228707E+000	 3.733857807578250E+000
 3.410339860134882E+000	-8.294861172055166E+000
-7.100824326442741E+000	-1.079572738639528E+000
 2.715040798477950E+000	 6.579528739158648E+000
-2.014104724530398E+000	-4.807520353758037E+000
-4.706270936147812E+000	-1.271531465988844E+001
 2.508447634210702E+001	-1.907010411222790E+001
 1.087508485990066E+001	-4.132917881668754E+001
-3.016377951936776E+001	-1.485917191286507E+001
-4.916174608675637E+000	 2.280031959493853E+001
 1.658139670071311E+001	-5.762545462862923E+000
-1.521920439991884E+001	-7.099933939781311E+000
 1.707103731143106E+001	 9.615272410690569E+000
-1.268244156920406E+001	 3.807090696468541E+001
-1.732175144639485E+002	 4.198110224971547E+001
-5.882365984680745E+001	 9.575562206440183E+001
 5.621681475975218E+001	 1.993789620612325E+001
-1.134245870966437E+001	-3.692687745011466E+001
-1.391019999015262E+001	 2.820183314056795E+001
 2.848706959770648E+001	-1.349321929977620E+001
-3.854591396528536E+001	-6.992427971960343E+000
 4.722942770291791E+001	 5.143456219988512E+001
